Case #1:
1111101100011011 59 139 11 571 19 163 157 5659 83933
1010011110001111 5 2 17 2 5 2 5 2 101
1001101110110101 3 2 5 2 5 2 3 2 7
1110110010101101 23 2 43 2 5 2 41 2 1181
1101110011101001 3 2 5 2 5 2 3 2 11
1111011001010001 3 7 3 3 19 3 3 73 3
1100110001100101 157 2 7 2 19 2 5 2 21661
1000110100111111 3 2 5 2 5 2 3 2 11
1000001110111111 13 2 12739 2 5 2 4987 2 7
1001100000000101 5 3019 67 193 5 5 43 7 71
1100111100110101 5 2 11 2 5 2 5 2 7
1100111010010111 3 2 5 2 5 2 3 2 11
1111101010001101 17 2 7 2 5 2 17 2 29
1111101111011111 3 2 5 2 7 2 3 2 11
1000110000001101 3 2 3 2 7 2 3 2 3
1010111101101111 191 2 3 2 58043 2 11 2 3
1111011100011001 7 2 23 2 5 2 11 2 73
1101101010111011 3 5 11 3 31 43 3 73 7
1000100001001101 3 2 3 2 7 2 3 2 3
1011100011001001 13 2 19 2 10859 2 5 2 7
1111010101110111 7 2 3 2 13 2 73 2 3
1101010000101101 7 2 53 2 3061 2 977 2 653
1010001111101001 3 31 3 3 73 3 3 3559 3
1110001100110001 3 2 5 2 7 2 3 2 11
1101111110000011 3 2 5 2 5 2 3 2 11
1001010100001011 7 5 61 11 211 13 5 7 991
1110000011000001 3 2 3 2 7 2 3 2 3
1001000010001101 3 2 3 2 7 2 3 2 3
1100000100010011 7 2 3 2 43 2 11 2 3
1010111101100011 31 2 101 2 5 2 3253 2 103
1110000011110111 3 2 5 2 5 2 3 2 11
1010011100011111 3 2 5 2 5 2 3 2 11
1011111010011011 3 5 13 3 31 43 3 43 7
1010110110101001 3 7 3 3 19 3 3 7 3
1100101100010111 19 7 3 97 113 3 29 37 3
1010110001000001 3 2 3 2 7 2 3 2 3
1001011011111001 3 2 5 2 5 2 3 2 11
1110111011101001 3 7 13 3 31 5 3 29 7
1000000001000101 67 2 7 2 2083 2 557 2 107
1001010000000101 3 7 13 3 5 43 3 17 7
1001010000100011 3 2 3 2 7 2 3 2 3
1110111110111011 3 157 43 3 5333 218531 3 101 1187
1100110110111111 3 2 3 2 7 2 3 2 3
1000100111111101 3 2 5 2 5 2 3 2 7
1011111110111001 5 2 3 2 757 2 31 2 3
1000011000001101 3 2 3 2 7 2 3 2 3
1011001010000111 137 2 7 2 517549 2 11 2 23833
1000100000111011 3 5 41 3 5179 1207363 3 1873 7433
1110011000110101 5 13 3 31 43 3 73 7 3
1101110111001011 67 17 11 61 1087 215179 11 19 4483