Case #1:
1101110110011111 7 2 3 2 43 2 5 2 3
1001101111100101 3 2 5 2 5 2 3 2 11
1011000101101011 5 29 3 7 11 3 577 811 3
1111011010010011 3 2 5 2 5 2 3 2 11
1001010010110011 3 2 5 2 7 2 3 2 11
1010001011100001 3 71 877 3 178693 1231 3 7 877
1010011010100111 3 113 3 3 19 3 3 61 3
1110001000000101 3 2 3 2 7 2 3 2 3
1111000000100111 3 2 5 2 7 2 3 2 11
1000000101100101 5 2 3 2 37 2 5 2 3
1000001011001101 109 5 103 211 107857 544543 5 23 125929
1001001111000011 3 2 5 2 7 2 3 2 11
1001010011110111 5 2 17 2 5 2 5 2 101
1110010001100111 7 13 3 13 13 3 73 7 3
1011101100110101 3 2 5 2 5 2 3 2 7
1110010111110011 17 47 31 487 73 28549 1999 7341043 17
1001110110011011 3 2 5 2 5 2 3 2 7
1100011100001011 3 2 5 2 7 2 3 2 11
1111110110101111 53 7 1163 2447 53 31 61 11 7
1000001110001011 3 5 157 3 347 29 3 7 61
1101000010011111 5 1901 3 7 139 3 59 283 3
1000110010000101 3 2 3 2 7 2 3 2 3
1001111100101111 7 19 29 139 97 31 163 7 17
1110001001000001 3 2 3 2 7 2 3 2 3
1110000010110101 3 2 5 2 7 2 3 2 11
1011100110000111 7 5 3 31 43 3 5 7 3
1110100000100011 3 1621 37 3 769 53 3 19 1583
1110101001010001 3 2 5 2 7 2 3 2 7
1100000101111101 3 179 3 3 11 3 3 27953 3
1001100110011111 3 2 5 2 5 2 3 2 11
1010110100010111 41 2039 3 33329 1423 3 113 11 3
1011001111100101 3 2 5 2 5 2 3 2 11
1011100000011101 3 2 5 2 7 2 3 2 7
1110101000111101 5 2 17 2 5 2 5 2 61
1000000100100111 3 2 3 2 7 2 3 2 3
1000110111000111 7 5 3 31 43 3 5 7 3
1000010010000011 7 19 293 23 5 11 4383451 7 113
1000101110010111 7 5 3 31 43 3 5 7 3
1100100100101101 3 2 5 2 7 2 3 2 11
1001000000111001 3 2 3 2 7 2 3 2 3
1100111100010011 7 13 3 31 43 3 61 7 3
1100100011101001 5 2 461 2 2917 2 61 2 19
1101100100110001 5 2 7 2 181 2 359 2 17
1010110100011101 5 13 3 31 43 3 73 7 3
1110111110010001 3 2 5 2 5 2 3 2 11
1111011010010101 5 2 17 2 5 2 5 2 59
1011011101000011 139 5 3 199 11 3 5 11 3
1010000101011011 3 2 5 2 7 2 3 2 11
1100100011101011 3 5 3 3 19 3 3 227 3
1111101001000001 3 2 5 2 7 2 3 2 11